7
1,0
0,0
0,7351056671333387/72057594037927936
1,459163992083788921/792633534417207296
1,16426859889615518731540016911158333998671501570576785300942532313837191148173502915409508203/28356927455466082043064124740847934902214540929100993101688787987350325299977384956534980608
1,1
0,1
2
4 0 1 2 3 
4 4 5 6 2 
1,0
0,0
0,597/5852
1,274120903274021985837/473202220047072787964
1,94776041192565047869624898212582734190300898155820665053588923704365823890141271235084835/163607490577843848719632028846251944740132114070848421425600535140079475099241064616481732
34541904090074487352008762686513469056447502040143931354234626228780549883299961226919936/26028464410111521387214186407358263935930109056725885226800085135921734674879260279894821,32763125084565997967691504685627526015255541444209636827493155807325232633886273209584895/104113857640446085548856745629433055743720436226903540907200340543686938699517041119579284
235992939528655736834425001498365212838878542252830812417093716951323231531159768793088/338032005326123654379405018277380051115975442295141366581819287479503047725704678959673,-3706173282208698565988403098577252717672686206741203003786417234987015165107367795232197/8008758280034314272988980433033311980286187402069503146707718503360533746116695470736868
