8
1,1
199647238908239087698383563847527125911984938099805802071/1208694113721226142968439033014531161420276341075504791552,1
285607161902698822507845021736662212171000113838486103741/302173528430306535742109758253632790355069085268876197888,0
1,0
222957129164071729941/235889541282411839488,0
0,0
0,1
77926573927581015573/471779082564823678976,1
2
4 0 1 2 3 
4 4 5 6 7 
1248168422438486414844817315652486892651631932816228352/1202381610267322488585361924869006881289436518595921875,1808061114789464319307750230643480339560835710496486157/2232994419067884621658529289042441350966096391678140625
51382557091790279923267604497068720128/61548968491976346832408639625437921875,0
3374361668048724300302877255796785152/61548968491976346832408639625437921875,1
11709842845866179300530176647200950728246584447860736/171768801466760355512194560695572411612776645513703125,43899001543132731946069496318327335694604700542653501/41682562489267179604292546728792238551367132644658625
662/12075,1
1,1
1,0
20161/24150,0
