8
1,1
14386498809655751/18014398509481984,1
5379299554914759/18014398509481984,0
1,0
5379299554914759/18014398509481984,0
0,0
0,1
3093097244075986401/3873095679538626560,1
2
4 0 1 2 3 
4 4 5 6 7 
0,1
9052943506223810646250177337608084354014483010723736385384816796856671073730560/44952547065387202508127950947839412083347522513562265110600247422708702527880519,1
5861212359908636229827849194973042477703493884491069906244075520/8356579998285580834094637465066485421912380337296813418105280641,0
0,0
101/144,0
47/90,-43/180
-134482488872868983/484136959942328310,12950165595165161/35861997032765060
155999687092528003/774619135907725296,1
