8
1,0
0,0
0,56607718064844475904281912322385/73581546570045213642813259907072
1,2121728563150092800010566428875/18395386642511303410703314976768
1,2121728563150092800010566428875/18395386642511303410703314976768
1,1
0,1
0,56607718064844475904281912322385/73581546570045213642813259907072
2
4 0 1 2 3 
4 4 5 6 7 
817572739667169385948588846244219/5059983146542867313177199242238255,3356795246674014342166795325079593/3035989887925720387906319545342953
192763/178863,42021/59621
667/867,0
100/867,1
2418515085958632484692318137847119872/20968525795261344600532102439242452483,1
1,1
1,0
403287390583601966822444049486007238656/524213144881533615013302560981061312075,0
