8
1,0
0,0
0,1
1621237725737811051935/387800063996478831460352,1
1,98571253724857518917023/484750079995598539325440
1,62650490046286183846156289744883859424797955001453603178299271163128758153041102701301876252782827640739/308100271773677133740710773461461142329947076014234733268988837073393807253061543666708330870248224849920
1,1
1030435691550772236453102674312404603735611379629407600992381593650650674782476465208368951099865924545/246480217418941706992568618769168913863957660811387786615191069658715045802449234933366664696198579879936,1
2
5 0 1 2 3 4 
3 5 6 7 
0,0
0,1
1,1
1,386178826270741038982292/387800063996478850034227
394285014899430075668092/1939000319982394250171135,0
48897943450759961911201835898299590511069117781892249929472380437968613484960034756871412008600551292928/240468504798967521231272210750451633237419022830585565713874211265588650294843659268683329507161242893375,0
27942322483553053698937854859506250061714804260776527999489115615579261992464025727092462763903025152/981504101220275596862335554083476054030281725839124758015813107206484286917729221504829916355760175075,37379621726479526114155424629054940098756154778834890788878440925595581612646984874047013600379469597588/48093700959793504246254442150090326647483804566117113142774842253117730058968731853736665901432248578675
1,9578528067410378410579187998697015982048680492667078186255565540726701037369714397496090651648109426052/9618740191958700849250888430018065329496760913223422628554968450623546011793746370747333180286449715735
