7
1,0
0,0
0,1
1395906458725485734983099875/38348919850572223349272870912,1
1,62180412530399399978107829033/653428626799947197146202112000
1,69736844083172630427763459741991686201963259723797164885863430478271398412534650129841330388258186130448720932393437872735152116510277/732836087961811636448373769078606869515689389333483324038605107410703932307642525268372529491128219922395079990050435828470123593728000
1,1
2
5 0 1 2 3 4 
3 5 6 3 
1,1
1,0
0,0
0,290/7967
591248214269547801828636336592/653428626799947201806744165625,1
1223812311939909307494432919387947551406284244629150076332267516471688079094260089002044484922876479422793253762626764572459008/1352518247246993344854279480760270829279377270327476035938270364589370147192560722672858034917580287614024219436536651611328125,1
555736545141340473053939445816870481959135892469155616938047364367532688471740100397323007267334959726924803818311791935488/577871516319157377543633221982288825769457691926288103752631168664334943183561855727629952303643879790890642558520263671875,446340359133945010856851404418570462826981162469822165356346971015144670981427553084173569946049399028438989721249876726991846/4603902370514726826890125879532895074905269431576737322597212520748756492343437304582027830003130790294025749263730940673828125
