8
1,0
0,0
0,8216843988064774557808499445/8776082471249105210235158528
1,21325167650205776839306108529/114089072126238367733057060864
1,8450408668671640568213410317664190725017432402564745614568495891266024175260343952267011891845814593181971383764051925985874545/45209458603574737520062585369046959998022286746745668459695614916512302586804048887449369393814910920509269230551303678511284224
1,1
0,1
0,3256044257415019246558923114277089983832986331224224000017026069154007689732547216608554669570412817817921051802403652164901205/3477650661813441347697121951465150769078637442057359112284278070500946352831080683649951491831916224654559171580869513731637248
2
4 0 1 2 3 
4 4 5 6 7 
1,1
1,0
3162/49621,0
92763904476032590717662447886/114089072126238367556968556415,1
38241943464581841068840583614534602788951731895697047814623947171598509732039496795279470311393081497104462585771589632/47033249309870017021708883932428560170377954233442926571019992176768208910429457168823451330587835242300888693752793375,1
987077263979681846811180428133664383781132825761165396142144980516407312075538126720979606859763089802937543688192/947849686823522642061000059096522846584670890015173546905946921198045362052950508228843661566430246111543271875875,3870358370808986592493793500778696736728574728871162988776791575832381899121727408375362908913710186534422709303371481/17622421377422932961198113098722552763702201187162106584075365158914059371288455848990661355843071135705812510716268000
955412438139641498316317260259230096021856976501454930194652074298325905885825482553177518996088422400/11706250999132636936660394713140774476079703009345915502912322047723352563920765293263751810951502110417,-82905984821511806360884636391508907591702535840887479332533582302235517681007339698642184522019894393443432735653123/1355570875186379458553701007594042520284784706704777429544258858378004567022188911460820104295620856592754808516636000
434511770923607273756759216431139814316981919544585276971442867759331783762210255133525147648/6818756668248045068186534915989195822787496754534151547210729451222245144100265928596443801575,0
