8
1,0
0,0
0,169496466769399448881175/218663380794110749179904
1,229014310062471011083725/1530643665558775244259328
1,1100610858460228018250980404782651296815482989062836093916755466325/7356060144398010963766995746225975544129122525534924407364374233088
1,1
0,1
0,814576398069433189787903780792292062230741896829150635966376837225/1050865734914001566252427963746567934875588932219274915337767747584
2
4 0 1 2 3 
4 4 5 6 7 
1,1
1,0
38/169,0
1006/1183,1
9932151643140278619494396934148258267136/11679657449140106907420830425036202876175,1
503732461819201388768802973723884118965530505946465304576/412071919854955975506936049797961069689289938804393901875,74152020952498171805622952063459283749310150929421061730673/315097661382423002604303766078840897955743706539093203633750
375363987001729143333313575837241282264559618696450932736/1161293592318512294610456140339708469124362554812382814375,-606755091871248849895201692848122942553957399198709643319/3000930108404028596231464438846103790054701967038982891750
375170738011263009483883780812757270528/1668522492734300986774404346433743268025,0
