8
1,0
0,0
0,150835654417363069951508252824773/319375500244359150194645668986880
1,13029525939498954811698322969797/319375500244359150194645668986880
1,2824290902278630062068936830630951223647444796596157165108763606891697615651233325660486990891897661021032355941449799682739980086953009/69228099620753872105305278422248217722797111460416219358033148618706138183142072991503516816602162432694576398319578856940293064082063360
1,1
0,1
0,32695262167503230649517111054223715552764698253227400247519146692896753725979488998943550523183150697780130390585359240011554121340708031/69228099620753872105305278422248217722797111460416219358033148618706138183142072991503516816602162432694576398319578856940293064082063360
2
4 0 1 2 3 
4 4 5 6 7 
1,1
1,0
51521/97630,0
102115324768286735141752172384771/106458500081453053412318280041370,1
7830949412943898548961924474147835370791521259223727516502408223181827901394806831182230042569091036950899950581824106421813248/8164015838048339228470799733245654221882430727005981033434906579988418367265892799481288490925287762154684933114658446733053125,1
811449778117057540985289666809127724381206311168252516379416799681843713349445603889557041243061212872463744313866349182976/501731998650927331463943443608254894308046546779021675720674377547173104615337056200837149908345043254410627867335354710625,304114812257643377547798859947137151688025886353813981699102100061273672813452524776177420645744035259631426591193682005171107/1006474389293760226916670547878159317981941372838717481495672801359629247858366134738879322716140156768347719501874721549513750
446428652475454864592289212260402518932880148670389878453227049354692397658513959659547551438864287405029273751624106377216/501731998650927331463943443608254894308046546779021675720674377547173104615337056200837149908345043254410627867335354710625,-42934599279419016932106265777101475637960428527589337310369561559347327449275489063524323228550032345385641455826199546752693/111830487699306691879630060875351035331326819204301942388408089039958805317596237193208813635126684085371968833541635727723750
3951006821158168836546658333250462843539118105407309580439394720024072295406509085781550522064437248/7486981928721725554449590521821887566011230202884292832649403156119709241016266582900516751647884375,0
