7
1,0
0,0
0,2617934413682763/18014398509481984
1,297868079354284609957/478732640389483724800
1,42429048299645107271423453586301352612666408238730526082735805175457553224750450189368036563068271625532180694053/68191832994440205961867932717732846020344197646090895163637580745500088456067146448512821489017206150056325939200
1,1
0,1
2
4 0 1 2 3 
4 4 5 6 2 
1,0
0,0
0,3862/26575
1,60545606445591955981786/97308708272851908695625
1,5152321671486214678947031069555118781954076122453358530996686225687867316053076328480605704017051514906/8280795187163359411466129607380831368014830805550843543914476648285295688265733901236848189193603515625
7658454129931854623576371668035923044408997027026503722406757038741896671606438351125960367257157632/5920418007755553295121597837826370498298467932472851451904988008181396729145774002765761640439453125,73412735394911034236408635294677057866153708474339050455790028603744392638005242621885454237146382/190981226056630751455535414123431306396724772015253272642096387360690217069218516218250375498046875
7787045498846387656504819603607081038247015572995267237457156428711661723797305172029584965632/11725341402694565123774021563254682375201204005491610539991064035612015109463334164015966015625,-110696880015761183030987936666608692898658773682923549580214780990169919544896440518096874706760598/281924667035978728339123706563160499918974663451088164376428000389590320435513047750750554306640625
