7
1,1
156051506939355481632227987829388660680865302818685129434746963040383164332910665092269122599473217320163412161284109750310383173531711123770595117905447331487931160763510898547100499815294880892641/425954401447188211521451514607345377644550057332467506578601794246642018571253286779606551202119647592208598045165192241771148388057182019166592676760334170634567606908842137763631015271094057697280,1
1133601462346844219101002908463476782932440961/1372940337755946877290021675680308580631707648,0
1,0
0,0
0,1
7544800848989709530611973015316081959887650959/20594105066339203159350325135204628709475614720,1
2
4 0 1 2 3 
4 2 4 5 6 
5373747932736752810079142216171991658023793878135935499387040216059915808901615432719265876458397504168988995732599974753060895890772755684385189397528576/10347589662033159750978224100350171353218923051119382796492989083664760581753555430095646930714244646132493049196894814870777514701609879124825047725364975,935430459026894899901646387533209267991879136231431825382103814826872175052913026306405742540951141979194904867126978825993040631524508150973360276080547852811958892163/893863483775925127911929536983078182969558080803087025960015312645012113559544563701637780470504850431285799213453494526237513430875330974557753605764651575601600677700
1,8495850990609708477292140621441620834497724688288737407054981532570341238729015853342310068739148004151396919384234404414724353249554853811057925118075417265800728359341/13407952256638876918678943054746172744543371212046305389400229689675181703393168455524566707057572756469286988201802417893562701463129964618366304086469773634024010165500
0,45176734248199/259151216748276
-91225835962192219427301065479011687665712283004602907964129594015021056657141955972911216489503345427758799313118116321343534568948636423734192699867136/689839310802210650065214940023344756881261536741292186432865938910984038783570362006376462047616309742166203279792987658051834313440658608321669848357665,257352656920882232611962659924930492254459985137665092591614337260476743471458693046711083682353185577163796907398106631083290581568339211480456780834292256515781965443/893863483775925127911929536983078182969558080803087025960015312645012113559544563701637780470504850431285799213453494526237513430875330974557753605764651575601600677700
0,1
1,1
1,13049304217349493643460570485068959034065310061/20594105066339203174072543500385040993952961020
