6
1,0
0,0
0,15/16
1,4/15
1,1
0,1
2
4 0 1 2 3 
4 3 4 5 2 
1,0
0,0
0,15/16
1,4/15
55082719864839904586799155204041263028755789556866863232979442480539450989338427392/171349541727114353304446369895613590985551622479612874760031851557303624259916512775,-975860064128613289891782171056597098866842387559188014850054788356680156966008378697/84989372696648719239005399468224341128833604749887985880975798372422597632918590336400
-20478815214377874543061772566585100401330975545101013647984669505540735195336933376/354122386236036330162522497784268088036806686457866607837399159885094156803827459735,77662790359082470287655593389234079449232548011115468094611996237295176118584536476343/84989372696648719239005399468224341128833604749887985880975798372422597632918590336400
