8
1,0
0,0
0,5222985343207757/36028797018963968
1,4705909794230189057/13438741288073560064
1,2271536230165507973886729090683721265873042748711804968190556097/6486862064612491439001758196160916829787672999867578545474633728
1,1
0,1
0,2521127891415658128620121077340423158571634571267264115638797/17391051111561639246653507228313449945811455763720049719771136
2
4 0 1 2 3 
4 4 5 6 7 
0,0
0,1
373/2573,1
901/2573,0
126077502826858156291106563388119353131008/360041525830750246864151439199032541122437,0
-464731671822518525701706052358838658928412209832116879360/1880491612360165585347113858106658132616206623086865143809,-84701480510116163353651477792907683514187449092397539847209/330966523775389143021092039026771831340452365663288265310384
-1205328498406524192644029891510724488426894769140082409472/1880491612360165585347113858106658132616206623086865143809,85315665493474591351277947978807322227614587897323507827/128630596103921159355263132151874011403207293300928202608
52194127141418526411301607262784149520384/360041525830750246864151439199032541122437,1
