4
0,0
0,1
1,1
1,0
1
4 0 1 2 3 
0,0
267533787667674963541413718988338857396611570648286612556417997378609/289828269973314535064187510432629713513092734015361620866313272725612,111472411528197901475589049578474523915254761690688111595949534732569/289828269973314535064187510432629713513092734015361620866313272725612
90239571237112586908810182759798994970512285577950466988970356484449/69006730946027270253377978674435646074545889051276576396741255410860,-45900404746905018254654315229211326713304542949583885474833774429523/85243608815680745607113973656655798092086098239812241431268609625180
557362057640989507377945231166813720678306958540593195716455647208693/1449141349866572675320937552163148567565463670076808104331566363628060,-267533787667674963541413720382135432304775474807690559411692332916455/289828269973314535064187510432629713513092734015361620866313272725612
