8
913/1152,0
0,913/1296
1,33662803242550356088233618732936888683187584085404512244894911550585149689732539418700130532486717725714631062409917749458485324322233/40925884617584672985632489229434824133886784914365820325307575592766586351732137868081060986335077345736758846737594167894999040000000
1,0
1,533/648
1,1
0,1
0,0
4
4 0 1 2 3 
4 4 5 6 1 
3 7 0 1 
2 1 7 
33781/55680,-1681/1160
0,-751/1296
1,-4543641212891706355691023230747472528938601322862142962800207822638440935117237809728796359959278010666195690502566004431900753527/6513892712287225048727258172787693333247658716461856885294926883434678566626927118730737550706759997835279231246833555335650126992
5595366282637403705181633491928483418499477999931111512759094333697075250666971890137257337946076527223102595641785123558391808000/6921011006805176614272711808586924166575637386240722940625859813649345977041110063651408647625932497699984183199760652544128259929,-1492396448956503180295553394043194738010424844113248157069661133595804851567673032696537623759320897681930295005351235562469949625631/996625584979945432455270500436517079986891783618664103450123813165505820693919849165802845258134279668797722380765533966354469429776
1,-31052010650774884364592293700832199/44517041817925054494013348205664144
1,-7/8
0,-7/8
913/1305,-96/145
