10
1,1
1,0
1/3,2/3
7/9,1
0,0
0,5/12
0,1
14/93,1
0,5/12
7/9,1
4
4 0 1 2 3 
4 1 4 5 2 
4 6 7 2 8 
3 7 9 2 
1,1
1,0
1/3,2/3
7/9,1
0,0
0,5/12
1091115487344998726548435971345953153892262959751036836333230280581485052383693706610341785045145043163638923264/1461315384837051809894732245563448156667123279594770526240084076305627243208816681856411432615501819983613986225,1500283795099372995263674981341741940939204934780888349670115627411142566538818334345300250363305026639962727069/3409735897953120889754375239648045698889954319054464561226862844713130234153905590998293342769504246628432634525
56/93,37/93
7/12,1
0,2/9
