6
1,0
0,0
0,1/6
1,7/12
1,1
0,1
2
4 0 1 2 3 
4 3 4 5 2 
1,0
0,0
0,1/6
1,7/12
608603221031333925203169793857171196370498517599294935819808893587566238573264896/469652713946554372321400519552497296135297488744456182168975476728104550129234375,272342993886167648784557776500697027055841382490361164492750076034031235131254253/939305427893108744642801039104994592270594977488912364337950953456209100258468750
55580202833911774214690212134471706308311888278845096984623606732193268064321536/93930542789310874464280103910499459227059497748891236433795095345620910025846875,-23212908242398449226777123361726195422293748775513440257325035755973434799692771/55253260464300514390753002300293799545329116322877197902232409026835829426968750
