8
1,0
0,0
0,93648469614890623212492165133405013469739/190545473313350174615813310967592490369024
1,94472678115146164812811965540913155992107/190545473313350174615813310967592490369024
1,484091297679395443298907360637441202010839784675186944664405736364572939/976381820474779786056539030105490596476744546170193772999960439029760000
1,1
0,1
0,31953833482533557418667972571697154224968909879311486568148780076452571507206747386072114576882460193757871412213874606908122242337307622490585671948034999009260849544116676707/65016100638308807517678252390132212652227569490137898409942940549130456225918922343633056079297737179293708254152020860090321635660800094755801019843126394876689850451361792000
2
4 0 1 2 3 
4 4 5 6 7 
0,1
1,1
1,214394902253989171/421602078151827020
0,1427845385120904700346356875751321/2831909638569896111762363695872740
0,345885650510168659107810697518388893485193893760069221761338830417066407826516138572845913324551268026396998107732083478532921013232832090107/686010486660516984301446816883105560403187267638253921772783217169046050462551770506594706383125954648635991938576896101038917944190495626160
-1056183234903499708839898332305201693429381875512487482134666559100454387381801547193888343980972249726306088311928776489013958622052352/242145919883868748443779440448407330681402797084280060147670722757727803912615832577772092993679693384010695414289056788952794437180971875,552722670217748791715778278810270313084010080904063874232181407975023178189414543391304038233602003754603669049681645857613500949772639530306804440105649/548130056585368464130379685444695046369190464264465882379564531286236448136844885206365708894747139412053840761865217545029146252347972642305076029450000
716593973274015651190580919658581732896349458222394715650227617073759824523315076217958230456797610574463752654316210368110657536/719760330734088539395249470409638009387904036078449758887137323616482833627846049715520727116960537740058926266509512994502054375,111492895589890871493398879950770114738260027159665347051469880693399382933078458577142609016736792270086526725164478286772146057381325297433971387216829/109626011317073692826075937088939009273838092852893176475912906257247289627368977041273141778949427882410768152373043509005829250469594528461015205890000
1,5180364337983847503544222352952625705934922108031222751115557167025898502135294468682073523360294426100008134855077/10187053645007857525455484379502864109518810857571049500969771703358313199157726465825280675716814543173419582031440
