8
1,0
0,0
0,1
701732983629/1469045800402,1
1,55014009683/822326826456
1,31606460251908059214131986108317178833826187730235844892244917691986468827359804694862510407/472440389352146154865235654485111789635887989472372644086191698442398092376749070766781235200
1,1
27803946770604333781122596552239342317972098300416519057290560298667391015807319872531381757/58206286708551796788761780533912846430793515938775946018465244741177994010632423189197619200,1
2
5 0 1 2 3 4 
3 5 6 7 
0,0
0,1
1,1
1,767312816773/1469045800402
55014009683/822326826456,0
2640573358758902747940757419993381892049474574794505182720015708255682560/39470206273720548366360256746508243710922295695197594826112023026932882823,0
447797739332871236258925311868122709269717269357870621367471594272718848/807198266018794223715255449585082899471401371692149494209084813080707957,13011807368447509322397622682710227093482524284919024794356480961035888991901/16358680059136883737813366941291290040687420198713101649641312821893627456562
1,20296796633603481735721110055698728021191172761528390740063332836459/38858889366147026022814091092316917028569656378133521695610135202974
