8
1,0
0,0
0,6291934683563449/9007199254740992
1,165006951630217461087589/500006032740515349266432
1,213059367084517724558530743627654291446559402875119602924981239351129168302425313000893786221627549162289882576126654533565058813973559001992307/645615035134229076267745921296696472399744362015161189044884923289235164516281465504069197867924496998291786679364651593030607052449217639350272
1,1
0,1
0,16248474481503727179599056462960714861508745771789100393808634527558729209181362592940151507893129022026546182722899270133504775143125749/23260452404695175691236860030107694445827830508934707403847729055374896259169068350471485987387244853606650254884077810851516006021464064
2
4 0 1 2 3 
4 4 5 6 7 
1,1
1,0
435092107/1443307346,0
337751178626399385480846075131863/504113701800920522633242818700634,1
6028487850536950250071360731890824181598748204839577384919852178985606398441271703455146893107710964950751440760866339756703744/8997876303364936066335487614705715186396838852917887389590284724349404473084393371650439170359558020848669849016765138879771333,1
461189104808940212802772237530042431034897835292303796996856543682832157986161897428511290054013867430530367709836738560/390921430884977240432908655196938962775970134964728432476519861893417136162192244378181769698832549615392054550695311729,51230652473067754950356945945978079092010158093959732299177890873044119326261478346250651225105481702243683217858801210076701827/90638255258307589737634728483022046077226441913099980426214454991085981955036526964152803086105371806237326753134295326432806065
3527621424483447422227110435387539494040149275265754142811869036848058809394895434696424598736211942261366400726345973760/6645664325044613087359447138347962367191492294400383352100837652188091314757268154429090084880153343461664927361820299393,-319410033374297315736870955392124265743650553121065138587736420300051240707163236416107213754566990321910069530080720433/1632773950224179994701213791617861825812315577129058339235790066967646079472632089733694794233202542684328924340894803765
318402580132608013765048143375808798541565506112993951279816243233691919364901972369808516745712952672256/1056219534892060996724757363760509106883555548606757662012733366177679170341416114725962344586202467157257,0
