7
1,0
0,0
0,1
1261007895663739/9007199254740992,1
1,1080863910568919/4503599627370496
1,1
14400591491215966445311211153530667114733283978440817186030110534885292973813499/102861367794399803021592841987762407884499145392880222895499407426302634885120000,1
2
5 0 1 2 3 4 
3 4 5 6 
0,1
1,1
1,0
7746191359077253/9007199254740992,0
0,3422735716801577/4503599627370496
90747559665150424712342090896191930622195326037/120318122293266593277078263631026670056236908544,410752112168575630072907654308199887849192480673/481272489173066373108313054524106680224947634176
827788681377674070518596837844345471705387577425/962544978346132746216626109048213360449895268352,0
