8
1,0
1,1
738355044237162868938317825105501819/898896111224238381518918229744943104,1
2517980022654939791566797977681941853/6292272778569668670632427608214601728,0
19/99,0
13/33,1
0,1
0,0
4
4 0 1 2 3 
4 3 4 5 2 
4 6 7 4 5 
2 6 7 
141997149635165344638054706253398016/206900860366850652695873796486203025,-150971710236589155162625185221306395/273109135684242861558553411361787993
-649037107316853453566312041152512/2758678138224675369278317286482707,-32108213397415102516120080927888257/195077954060173472541823865258419995
-1560/9401,0
1787830334429956870430227849152113933416/1945074988308762985993909560766794638025,0
1,-19/99
0,-13/33
0,0
1,0
